0 448 252 832 468
1 448 252 832 468
2 448 252 832 468
3 448 252 832 468
4 69 45 389 225
5 69 45 389 225
6 69 45 389 225
7 68 45 388 225
8 68 45 388 225
9 68 45 388 225
10 67 46 387 226
11 67 46 387 226
12 960 180 1280 360
13 960 180 1280 360
14 960 180 1280 360
15 960 179 1280 359
16 960 179 1280 359
17 960 179 1280 359
18 960 179 1280 359
19 960 179 1280 359
20 71 44 391 224
21 71 44 391 224
22 71 44 391 224
23 71 44 391 224
24 71 44 391 224
25 71 44 391 224
26 71 44 391 224
27 71 43 391 223
28 456 299 776 479
29 456 299 776 479
30 457 299 777 479
31 457 298 777 478
32 457 298 777 478
33 457 297 777 477
34 458 297 778 477
35 458 296 778 476
36 72 42 392 222
37 72 41 392 221
38 73 41 393 221
39 73 41 393 221
40 74 41 394 221
41 74 40 394 220
42 74 40 394 220
43 75 40 395 220
44 857 0 1280 237
45 857 0 1280 237
46 857 0 1280 237
47 857 0 1280 237
48 857 0 1280 237
49 857 0 1280 237
50 857 0 1280 237
51 857 0 1280 237
52 74 40 394 220
53 74 40 394 220
54 74 40 394 220
55 74 40 394 220
56 74 40 394 220
57 75 40 395 220
58 75 40 395 220
59 75 40 395 220
60 466 297 786 477
61 467 296 787 476
62 468 296 788 476
63 468 296 788 476
64 469 295 789 475
65 470 295 790 475
66 471 295 791 475
67 472 294 792 474
68 72 41 392 221
69 72 41 392 221
70 71 41 391 221
71 71 41 391 221
72 71 41 391 221
73 71 41 391 221
74 71 41 391 221
75 71 41 391 221
76 468 286 788 466
77 468 285 788 465
78 468 284 788 464
79 468 283 788 463
80 467 282 787 462
81 467 281 787 461
82 467 280 787 460
83 467 279 787 459
84 68 40 388 220
85 67 40 387 220
86 66 40 386 220
87 65 40 385 220
88 65 40 385 220
89 64 40 384 220
90 63 40 383 220
91 62 40 382 220
92 194 286 514 466
93 192 287 512 467
94 190 288 510 468
95 187 289 507 469
96 185 290 505 470
97 182 290 502 470
98 180 291 500 471
99 178 292 498 472
100 63 42 383 222
101 63 42 383 222
102 63 42 383 222
103 63 42 383 222
104 62 42 382 222
105 62 42 382 222
106 62 42 382 222
107 61 42 381 222
108 143 300 463 480
109 139 300 459 480
110 136 301 456 481
111 133 302 453 482
112 130 302 450 482
113 127 303 447 483
114 124 304 444 484
115 121 304 441 484
116 53 40 373 220
117 52 40 372 220
118 51 39 371 219
119 49 39 369 219
120 48 39 368 219
121 47 38 367 218
122 45 38 365 218
123 44 38 364 218
124 0 120 320 300
125 0 120 320 300
126 0 120 320 300
127 0 119 320 299
128 0 119 320 299
129 0 119 320 299
130 0 119 320 299
131 0 118 320 298
132 43 36 363 216
133 43 35 363 215
134 43 35 363 215
135 43 35 363 215
136 43 34 363 214
137 44 34 364 214
138 44 33 364 213
139 44 33 364 213
140 0 117 320 297
141 0 117 320 297
142 0 118 320 298
143 0 118 320 298
144 0 118 320 298
145 0 118 320 298
146 0 118 320 298
147 0 118 320 298
148 16 32 336 212
149 14 32 334 212
150 11 31 331 211
151 9 31 329 211
152 6 30 326 210
153 4 29 324 209
154 1 29 321 209
155 0 28 320 208
156 0 113 320 293
157 0 114 320 294
158 0 114 320 294
159 0 114 320 294
160 0 115 320 295
161 0 115 320 295
162 0 115 320 295
163 0 115 320 295
164 0 27 320 207
165 0 26 320 206
166 0 26 320 206
167 0 26 320 206
168 0 25 320 205
169 0 25 320 205
170 0 25 320 205
171 0 24 320 204
172 960 314 1280 494
173 960 314 1280 494
174 960 314 1280 494
175 960 314 1280 494
176 960 314 1280 494
177 960 314 1280 494
178 960 314 1280 494
179 960 314 1280 494
180 960 314 1280 494
181 960 314 1280 494
182 960 314 1280 494
183 960 314 1280 494
184 960 314 1280 494
185 960 315 1280 495
186 960 315 1280 495
187 960 315 1280 495
188 960 322 1280 502
189 960 323 1280 503
190 960 324 1280 504
191 960 325 1280 505
192 960 327 1280 507
193 960 328 1280 508
194 960 329 1280 509
195 960 330 1280 510
196 135 118 455 298
197 135 118 455 298
198 135 118 455 298
199 135 118 455 298
200 135 118 455 298
201 135 118 455 298
202 135 118 455 298
203 135 118 455 298
204 0 14 320 194
205 0 14 320 194
206 0 14 320 194
207 0 14 320 194
208 0 14 320 194
209 0 14 320 194
210 0 14 320 194
211 0 14 320 194
212 960 340 1280 520
213 960 340 1280 520
214 960 340 1280 520
215 960 340 1280 520
216 960 340 1280 520
217 960 340 1280 520
218 960 340 1280 520
219 960 340 1280 520
220 0 11 320 191
221 0 10 320 190
222 0 10 320 190
223 0 10 320 190
224 0 10 320 190
225 0 10 320 190
226 0 10 320 190
227 0 10 320 190
228 0 341 320 521
229 0 343 320 523
230 0 346 320 526
231 0 348 320 528
232 0 351 320 531
233 0 354 320 534
234 0 356 320 536
235 0 359 320 539
236 0 5 320 185
237 0 4 320 184
238 0 3 320 183
239 0 2 320 182
240 0 2 320 182
241 0 1 320 181
242 0 0 320 180
243 0 0 320 180
244 0 2 320 182
245 0 2 320 182
246 0 1 320 181
247 0 1 320 181
248 0 1 320 181
249 0 1 320 181
250 0 0 320 180
251 0 0 320 180
252 407 254 727 434
253 408 254 728 434
254 408 253 728 433
255 408 253 728 433
256 409 253 729 433
257 409 253 729 433
258 410 252 730 432
259 410 252 730 432
260 0 0 320 180
261 0 0 320 180
262 0 0 320 180
263 0 0 320 180
264 0 0 320 180
265 0 0 320 180
266 0 0 320 180
267 0 0 320 180
268 408 254 728 434
269 408 255 728 435
270 408 255 728 435
271 408 256 728 436
272 408 256 728 436
273 408 257 728 437
274 408 258 728 438
275 409 258 729 438
276 0 0 320 180
277 0 0 320 180
278 0 0 320 180
279 0 0 320 180
280 0 0 320 180
281 0 0 320 180
282 0 0 320 180
283 0 0 320 180
