0 448 252 832 468
1 448 252 832 468
2 448 252 832 468
3 448 252 832 468
4 0 385 320 565
5 0 384 320 564
6 0 384 320 564
7 0 384 320 564
8 0 384 320 564
9 0 383 320 563
10 0 383 320 563
11 0 383 320 563
12 960 420 1280 600
13 960 418 1280 598
14 960 417 1280 597
15 960 415 1280 595
16 960 414 1280 594
17 960 412 1280 592
18 960 410 1280 590
19 960 409 1280 589
20 322 421 642 601
21 322 420 642 600
22 323 419 643 599
23 324 419 644 599
24 324 418 644 598
25 325 417 645 597
26 325 417 645 597
27 326 416 646 596
28 0 380 320 560
29 0 379 320 559
30 0 378 320 558
31 0 377 320 557
32 0 376 320 556
33 0 375 320 555
34 0 374 320 554
35 0 372 320 552
36 330 402 650 582
37 331 400 651 580
38 332 399 652 579
39 333 397 653 577
40 334 395 654 575
41 335 394 655 574
42 336 392 656 572
43 337 390 657 570
44 912 395 1232 575
45 903 393 1223 573
46 895 391 1215 571
47 887 390 1207 570
48 879 388 1199 568
49 871 386 1191 566
50 862 385 1182 565
51 854 383 1174 563
52 0 281 320 461
53 0 281 320 461
54 0 281 320 461
55 0 281 320 461
56 0 281 320 461
57 0 281 320 461
58 0 281 320 461
59 0 281 320 461
60 811 382 1131 562
61 806 382 1126 562
62 800 381 1120 561
63 795 381 1115 561
64 790 380 1110 560
65 785 380 1105 560
66 780 379 1100 559
67 774 379 1094 559
68 960 126 1280 306
69 960 127 1280 307
70 960 128 1280 308
71 960 129 1280 309
72 960 130 1280 310
73 960 131 1280 311
74 960 131 1280 311
75 960 132 1280 312
76 343 362 663 542
77 342 361 662 541
78 341 360 661 540
79 340 359 660 539
80 339 358 659 538
81 337 357 657 537
82 336 356 656 536
83 335 355 655 535
84 725 371 1045 551
85 723 371 1043 551
86 721 371 1041 551
87 719 370 1039 550
88 717 370 1037 550
89 715 370 1035 550
90 713 370 1033 550
91 711 369 1031 549
92 348 357 668 537
93 348 356 668 536
94 349 356 669 536
95 349 355 669 535
96 350 355 670 535
97 350 354 670 534
98 350 353 670 533
99 351 353 671 533
100 0 286 320 466
101 0 287 320 467
102 0 287 320 467
103 0 288 320 468
104 0 289 320 469
105 0 289 320 469
106 0 290 320 470
107 0 291 320 471
108 684 361 1004 541
109 684 360 1004 540
110 684 360 1004 540
111 684 360 1004 540
112 684 360 1004 540
113 685 360 1005 540
114 685 360 1005 540
115 685 360 1005 540
116 18 232 338 412
117 16 230 336 410
118 14 229 334 409
119 12 227 332 407
120 10 226 330 406
121 8 224 328 404
122 6 223 326 403
123 3 222 323 402
124 668 357 988 537
125 667 357 987 537
126 667 357 987 537
127 667 357 987 537
128 667 357 987 537
129 666 356 986 536
130 666 356 986 536
131 666 356 986 536
132 0 229 320 409
133 0 229 320 409
134 0 229 320 409
135 0 229 320 409
136 0 229 320 409
137 0 229 320 409
138 0 229 320 409
139 0 229 320 409
140 0 73 320 253
141 0 73 320 253
142 0 73 320 253
143 0 73 320 253
144 0 73 320 253
145 0 73 320 253
146 0 73 320 253
147 0 73 320 253
148 0 208 332 395
149 0 189 397 412
150 0 169 462 429
151 0 149 527 446
152 0 130 592 463
153 0 115 640 475
154 0 114 640 474
155 0 113 640 473
156 960 55 1280 235
157 960 55 1280 235
158 960 55 1280 235
159 960 55 1280 235
160 960 55 1280 235
161 960 55 1280 235
162 960 55 1280 235
163 960 55 1280 235
164 0 190 320 370
165 0 189 320 369
166 0 187 320 367
167 0 186 320 366
168 0 185 320 365
169 0 184 320 364
170 0 182 320 362
171 0 181 320 361
172 0 387 320 567
173 0 387 320 567
174 0 387 320 567
175 0 387 320 567
176 0 387 320 567
177 0 387 320 567
178 0 387 320 567
179 0 387 320 567
180 940 23 1260 203
181 944 18 1264 198
182 947 14 1267 194
183 951 10 1271 190
184 954 6 1274 186
185 958 2 1278 182
186 960 0 1280 180
187 960 0 1280 180
188 0 134 320 314
189 0 134 320 314
190 0 134 320 314
191 0 134 320 314
192 0 134 320 314
193 0 134 320 314
194 0 134 320 314
195 0 134 320 314
196 574 122 894 302
197 574 121 894 301
198 574 120 894 300
199 575 119 895 299
200 575 118 895 298
201 576 116 896 296
202 576 115 896 295
203 576 114 896 294
204 601 103 921 283
205 601 102 921 282
206 601 101 921 281
207 601 100 921 280
208 601 99 921 279
209 602 98 922 278
210 602 97 922 277
211 602 96 922 276
212 36 130 356 310
213 37 132 357 312
214 38 134 358 314
215 39 135 359 315
216 40 137 360 317
217 41 139 361 319
218 42 141 362 321
219 43 142 363 322
220 664 66 984 246
221 670 62 990 242
222 675 57 995 237
223 680 52 1000 232
224 686 47 1006 227
225 691 43 1011 223
226 697 38 1017 218
227 702 33 1022 213
228 0 66 320 246
229 0 66 320 246
230 0 66 320 246
231 0 66 320 246
232 0 66 320 246
233 0 67 320 247
234 0 67 320 247
235 0 67 320 247
236 759 9 1079 189
237 765 6 1085 186
238 771 3 1091 183
239 777 0 1097 180
240 782 0 1102 180
241 788 0 1108 180
242 794 0 1114 180
243 799 0 1119 180
244 0 0 484 272
245 0 0 503 283
246 0 0 523 294
247 0 0 542 305
248 0 0 562 316
249 0 0 581 327
250 0 0 601 338
251 0 0 620 349
252 0 0 437 245
253 0 0 437 245
254 0 0 437 245
255 0 0 437 245
256 0 0 437 245
257 0 0 437 245
258 0 0 437 245
259 0 0 437 245
260 960 259 1280 439
261 960 261 1280 441
262 960 262 1280 442
263 960 264 1280 444
264 960 266 1280 446
265 960 268 1280 448
266 960 269 1280 449
267 960 271 1280 451
268 960 192 1280 372
269 960 192 1280 372
270 960 192 1280 372
271 960 192 1280 372
272 960 192 1280 372
273 960 192 1280 372
274 960 192 1280 372
275 960 192 1280 372
276 763 332 1083 512
277 763 332 1083 512
278 763 332 1083 512
279 763 332 1083 512
280 763 332 1083 512
281 763 332 1083 512
282 763 332 1083 512
283 763 332 1083 512
