0 448 252 832 468
1 448 252 832 468
2 448 252 832 468
3 448 252 832 468
4 395 174 715 354
5 395 174 715 354
6 394 174 714 354
7 394 174 714 354
8 394 174 714 354
9 394 174 714 354
10 394 174 714 354
11 394 174 714 354
12 394 166 714 346
13 394 165 714 345
14 394 165 714 345
15 394 165 714 345
16 394 165 714 345
17 394 164 714 344
18 394 164 714 344
19 395 164 715 344
20 461 158 781 338
21 459 157 779 337
22 456 156 776 336
23 454 155 774 335
24 452 154 772 334
25 449 154 769 334
26 447 153 767 333
27 444 152 764 332
28 374 131 694 311
29 374 129 694 309
30 373 128 693 308
31 373 127 693 307
32 373 126 693 306
33 372 125 692 305
34 372 124 692 304
35 372 122 692 302
36 372 117 692 297
37 371 115 691 295
38 370 114 690 294
39 370 112 690 292
40 369 110 689 290
41 368 109 688 289
42 368 107 688 287
43 367 105 687 285
44 499 147 819 327
45 502 146 822 326
46 504 145 824 325
47 506 144 826 324
48 509 143 829 323
49 511 142 831 322
50 513 141 833 321
51 516 140 836 320
52 0 0 320 180
53 0 0 320 180
54 0 0 320 180
55 0 0 320 180
56 0 0 320 180
57 0 0 320 180
58 0 0 320 180
59 0 0 320 180
60 357 100 677 280
61 356 98 676 278
62 354 97 674 277
63 353 95 673 275
64 351 93 671 273
65 349 92 669 272
66 348 90 668 270
67 346 88 666 268
68 576 99 896 279
69 580 97 900 277
70 585 95 905 275
71 590 93 910 273
72 594 91 914 271
73 599 89 919 269
74 604 87 924 267
75 608 84 928 264
76 370 39 690 219
77 370 36 690 216
78 370 33 690 213
79 370 30 690 210
80 370 27 690 207
81 370 24 690 204
82 370 21 690 201
83 370 19 690 199
84 368 7 688 187
85 367 2 687 182
86 366 0 686 180
87 365 0 685 180
88 365 0 685 180
89 364 0 684 180
90 363 0 683 180
91 363 0 683 180
92 665 54 985 234
93 666 51 986 231
94 668 49 988 229
95 669 46 989 226
96 671 43 991 223
97 672 40 992 220
98 674 37 994 217
99 675 35 995 215
100 362 0 682 180
101 362 0 682 180
102 362 0 682 180
103 362 0 682 180
104 362 0 682 180
105 363 0 683 180
106 363 0 683 180
107 363 0 683 180
108 616 0 936 180
109 622 0 942 180
110 628 0 948 180
111 634 0 954 180
112 640 0 960 180
113 646 0 966 180
114 652 0 972 180
115 658 0 978 180
116 424 0 744 180
117 425 0 745 180
118 425 0 745 180
119 426 0 746 180
120 426 0 746 180
121 427 0 747 180
122 428 0 748 180
123 428 0 748 180
124 181 139 501 319
125 181 139 501 319
126 181 139 501 319
127 181 139 501 319
128 181 139 501 319
129 181 139 501 319
130 181 139 501 319
131 181 139 501 319
132 249 137 569 317
133 248 137 568 317
134 248 136 568 316
135 247 136 567 316
136 247 136 567 316
137 246 136 566 316
138 246 135 566 315
139 245 135 565 315
140 243 126 563 306
141 243 126 563 306
142 243 126 563 306
143 243 126 563 306
144 243 126 563 306
145 243 126 563 306
146 243 126 563 306
147 243 126 563 306
148 199 126 519 306
149 199 126 519 306
150 199 126 519 306
151 199 126 519 306
152 199 126 519 306
153 199 126 519 306
154 199 126 519 306
155 199 126 519 306
156 129 87 449 267
157 129 87 449 267
158 129 87 449 267
159 129 87 449 267
160 129 87 449 267
161 129 87 449 267
162 129 87 449 267
163 129 87 449 267
164 152 81 472 261
165 144 78 464 258
166 136 74 456 254
167 128 71 448 251
168 120 67 440 247
169 112 64 432 244
170 104 61 424 241
171 96 57 416 237
172 89 54 409 234
173 81 50 401 230
174 73 47 393 227
175 65 43 385 223
176 57 40 377 220
177 49 36 369 216
178 41 33 361 213
179 34 30 354 210
180 109 68 429 248
181 109 68 429 248
182 110 67 430 247
183 110 67 430 247
184 111 66 431 246
185 111 66 431 246
186 112 65 432 245
187 113 65 433 245
188 157 54 477 234
189 157 52 477 232
190 158 50 478 230
191 158 49 478 229
192 158 47 478 227
193 159 45 479 225
194 159 43 479 223
195 160 42 480 222
196 85 40 405 220
197 84 39 404 219
198 84 39 404 219
199 83 38 403 218
200 83 37 403 217
201 83 36 403 216
202 82 35 402 215
203 82 35 402 215
204 88 36 408 216
205 88 36 408 216
206 88 36 408 216
207 88 36 408 216
208 88 36 408 216
209 88 36 408 216
210 88 36 408 216
211 88 36 408 216
212 102 16 422 196
213 97 12 417 192
214 93 7 413 187
215 88 3 408 183
216 84 0 404 180
217 79 0 399 180
218 75 0 395 180
219 70 0 390 180
220 124 0 444 180
221 116 0 436 180
222 107 0 427 180
223 99 0 419 180
224 91 0 411 180
225 83 0 403 180
226 75 0 395 180
227 67 0 387 180
228 0 0 320 180
229 0 0 320 180
230 0 0 320 180
231 0 0 320 180
232 0 0 320 180
233 0 0 320 180
234 0 0 320 180
235 0 0 320 180
236 82 0 402 180
237 77 0 397 180
238 73 0 393 180
239 69 0 389 180
240 65 0 385 180
241 61 0 381 180
242 57 0 377 180
243 53 0 373 180
244 47 0 367 180
245 44 0 364 180
246 40 0 360 180
247 37 0 357 180
248 34 0 354 180
249 30 0 350 180
250 27 0 347 180
251 24 0 344 180
252 50 0 370 180
253 50 0 370 180
254 50 0 370 180
255 50 0 370 180
256 50 0 370 180
257 50 0 370 180
258 50 0 370 180
259 50 0 370 180
260 50 0 370 180
261 50 0 370 180
262 50 0 370 180
263 50 0 370 180
264 50 0 370 180
265 50 0 370 180
266 50 0 370 180
267 50 0 370 180
268 727 163 1047 343
269 732 163 1052 343
270 737 163 1057 343
271 742 163 1062 343
272 747 163 1067 343
273 752 162 1072 342
274 756 162 1076 342
275 761 162 1081 342
276 807 155 1127 335
277 813 155 1133 335
278 819 156 1139 336
279 825 156 1145 336
280 831 157 1151 337
281 837 158 1157 338
282 843 158 1163 338
283 849 159 1169 339
