0 448 252 832 468
1 448 252 832 468
2 448 252 832 468
3 448 252 832 468
4 532 51 852 231
5 532 51 852 231
6 532 51 852 231
7 532 51 852 231
8 532 51 852 231
9 532 51 852 231
10 532 51 852 231
11 532 51 852 231
12 623 0 943 180
13 629 0 949 180
14 636 0 956 180
15 643 0 963 180
16 649 0 969 180
17 656 0 976 180
18 663 0 983 180
19 669 0 989 180
20 960 0 1280 180
21 960 0 1280 180
22 960 0 1280 180
23 960 0 1280 180
24 960 0 1280 180
25 960 0 1280 180
26 960 0 1280 180
27 960 0 1280 180
28 545 0 865 180
29 545 0 865 180
30 545 0 865 180
31 545 0 865 180
32 545 0 865 180
33 545 0 865 180
34 545 0 865 180
35 545 0 865 180
36 0 227 320 407
37 0 227 320 407
38 0 228 320 408
39 0 229 320 409
40 0 229 320 409
41 0 230 320 410
42 0 231 320 411
43 0 232 320 412
44 0 232 320 412
45 0 233 320 413
46 0 234 320 414
47 0 234 320 414
48 0 235 320 415
49 0 236 320 416
50 0 236 320 416
51 0 237 320 417
52 448 252 832 468
53 448 252 832 468
54 448 252 832 468
55 448 252 832 468
56 448 252 832 468
57 448 252 832 468
58 448 252 832 468
59 448 252 832 468
60 448 252 832 468
61 448 252 832 468
62 448 252 832 468
63 448 252 832 468
64 448 252 832 468
65 448 252 832 468
66 448 252 832 468
67 448 252 832 468
68 448 252 832 468
69 448 252 832 468
70 448 252 832 468
71 448 252 832 468
72 448 252 832 468
73 448 252 832 468
74 448 252 832 468
75 448 252 832 468
76 0 88 320 268
77 0 88 320 268
78 0 88 320 268
79 0 88 320 268
80 0 88 320 268
81 0 88 320 268
82 0 88 320 268
83 0 88 320 268
84 516 107 836 287
85 516 107 836 287
86 516 107 836 287
87 516 107 836 287
88 516 107 836 287
89 516 107 836 287
90 516 107 836 287
91 516 107 836 287
92 637 0 957 180
93 649 0 969 180
94 660 0 980 180
95 672 0 992 180
96 683 0 1003 180
97 695 0 1015 180
98 706 0 1026 180
99 718 0 1038 180
100 105 67 425 247
101 103 66 423 246
102 101 66 421 246
103 99 66 419 246
104 97 65 417 245
105 96 65 416 245
106 94 65 414 245
107 92 64 412 244
108 90 64 410 244
109 89 64 409 244
110 87 64 407 244
111 85 63 405 243
112 83 63 403 243
113 81 63 401 243
114 80 62 400 242
115 78 62 398 242
116 0 112 320 292
117 0 111 320 291
118 0 111 320 291
119 0 110 320 290
120 0 109 320 289
121 0 109 320 289
122 0 108 320 288
123 0 108 320 288
124 544 67 864 247
125 551 65 871 245
126 557 63 877 243
127 564 61 884 241
128 570 59 890 239
129 577 57 897 237
130 583 55 903 235
131 590 53 910 233
132 712 0 1032 180
133 712 0 1032 180
134 712 0 1032 180
135 712 0 1032 180
136 712 0 1032 180
137 712 0 1032 180
138 712 0 1032 180
139 712 0 1032 180
140 447 25 767 205
141 449 27 769 207
142 452 28 772 208
143 455 30 775 210
144 457 32 777 212
145 460 33 780 213
146 463 35 783 215
147 465 37 785 217
148 477 0 797 180
149 482 0 802 180
150 488 0 808 180
151 493 0 813 180
152 498 0 818 180
153 504 0 824 180
154 509 0 829 180
155 515 0 835 180
156 0 1 320 181
157 0 1 320 181
158 0 1 320 181
159 0 1 320 181
160 0 1 320 181
161 0 1 320 181
162 0 1 320 181
163 0 1 320 181
164 0 0 320 180
165 0 0 320 180
166 0 0 320 180
167 0 0 320 180
168 0 0 320 180
169 0 0 320 180
170 0 0 320 180
171 0 0 320 180
172 0 0 320 180
173 0 0 320 180
174 0 0 320 180
175 0 0 320 180
176 0 0 320 180
177 0 0 320 180
178 0 0 320 180
179 0 0 320 180
180 0 0 320 180
181 0 0 320 180
182 0 0 320 180
183 0 0 320 180
184 0 0 320 180
185 0 0 320 180
186 0 0 320 180
187 0 0 320 180
188 448 252 832 468
189 448 252 832 468
190 448 252 832 468
191 448 252 832 468
192 448 252 832 468
193 448 252 832 468
194 448 252 832 468
195 448 252 832 468
196 448 252 832 468
197 448 252 832 468
198 448 252 832 468
199 448 252 832 468
200 448 252 832 468
201 448 252 832 468
202 448 252 832 468
203 448 252 832 468
204 448 252 832 468
205 448 252 832 468
206 448 252 832 468
207 448 252 832 468
208 448 252 832 468
209 448 252 832 468
210 448 252 832 468
211 448 252 832 468
212 448 252 832 468
213 448 252 832 468
214 448 252 832 468
215 448 252 832 468
216 448 252 832 468
217 448 252 832 468
218 448 252 832 468
219 448 252 832 468
220 448 252 832 468
221 448 252 832 468
222 448 252 832 468
223 448 252 832 468
224 448 252 832 468
225 448 252 832 468
226 448 252 832 468
227 448 252 832 468
228 172 176 492 356
229 171 176 491 356
230 171 176 491 356
231 171 176 491 356
232 170 176 490 356
233 170 177 490 357
234 170 177 490 357
235 169 177 489 357
236 176 180 496 360
237 177 181 497 361
238 178 182 498 362
239 179 183 499 363
240 180 184 500 364
241 182 185 502 365
242 183 186 503 366
243 184 188 504 368
244 178 169 498 349
245 180 167 500 347
246 183 164 503 344
247 185 162 505 342
248 188 160 508 340
249 190 157 510 337
250 192 155 512 335
251 195 152 515 332
252 178 180 498 360
253 178 180 498 360
254 178 180 498 360
255 178 180 498 360
256 178 180 498 360
257 178 180 498 360
258 178 180 498 360
259 178 180 498 360
260 187 184 507 364
261 190 181 510 361
262 193 179 513 359
263 195 176 515 356
264 198 173 518 353
265 201 170 521 350
266 204 168 524 348
267 207 165 527 345
268 182 191 502 371
269 181 191 501 371
270 181 191 501 371
271 180 191 500 371
272 180 191 500 371
273 179 191 499 371
274 179 191 499 371
275 178 191 498 371
276 185 191 505 371
277 185 191 505 371
278 185 191 505 371
279 186 191 506 371
280 186 191 506 371
281 186 191 506 371
282 186 191 506 371
283 186 191 506 371
